100
0 1
0 6
2 001
6 1111111
5 988231
6 0000001
6 1674107
6 9681041
6 8000001
3 0221
6 4477698
4 56753
6 0000001
6 6000001
6 0000001
6 5522059
4 63061
5 140701
6 0000004
3 5922
5 000001
0 8
6 4100081
6 0007001
6 5530712
5 110011
5 000064
6 1220121
3 1093
6 9000001
6 0000601
6 9999999
5 800001
5 122021
4 12112
6 0000001
6 0000006
6 0000001
6 6000901
6 8835001
1 01
6 2211012
6 1111201
6 7000001
0 1
6 6800861
5 111111
6 9000001
6 0000001
4 11111
6 0932004
6 0650051
6 1210211
6 0000001
6 8337325
3 0701
6 1202211
4 50501
5 300301
2 001
6 0000001
1 11
6 0730001
2 112
6 9000301
4 22211
0 1
0 1
6 0000001
5 804001
6 0002001
6 4484638
1 85
6 8576911
6 2110011
6 0003001
1 01
4 62677
4 00004
1 11
6 1011021
1 09
6 0030805
6 1270005
2 111
1 89
6 0000004
0 1
6 1000211
4 00001
6 2220101
2 301
1 04
4 46081
6 4359057
6 5000002
6 2102022
3 1221
1 41
5 600001
